000010011110000001101110001100
011111101111100010000001001010
010111000011000110100010001101
000110101100110110110010001000
011011101110111110011110110110
010010000000101100111010111110
001111011101000101010000111101
111010001111110111101100100011
010001001100111100101001010101
010100010000000101111001110011
010000000100101010010011010100
111100101010110111001011101100
000101000011100100101001010010
010000001110001100110011010111
110111001111111111100110111111
101111111101000010010001110000
111110011100000111101001100000
011000011100101010111100110000
111001101011001001111111111010
000010011010010101010110101000
011110101000100111011001010111
111101111111110010000000100010
111101001111010100011000110000
110100111110001000000000011011
010011010101101110000000010101
010011101001010100111101111110
100110110101111101010100101001
000011101111111011111010111101
010011101001011000000110110110
001111111110101000010000001000
101000010001011101110010110111
100101011101000111001001001111
101000011000011010000010110110
101001010110011110111000010110
011111000100000000111011000011
001110100010100111001100001110
001111001010101010110001011000
010110011001010011101101111100
101000000001101000001001010011
011110111100111010111100011101
010010000000001100100011011000
010000101011110101001100001000
001000010100101101010001011111
011111000010001001000100001100
100100110011100010011011000100
110110110000001010111101110101
110001000100011111101110101000
010010001010001001011000010111
011110101010000100010001011011
001001110110111111011010100010
101001010111100000011000101011
111101101001101100000110111100
010100011000001001111010010111
000011010011110100110001001000
110100100011101111100101011101
101000010011001101001001110001
011010011110011011010100001101
101110110010000010101001010001
000000111101000000101111010111
011110011101000000011100001010
111110110010001110010101001111
100010100011100011011011001010
010001011100010101101010000001
110110011001111000110010001101
110001010110100001011101011000
000001011101110000000101100101
100010000011111110010101000110
110100000000110011001111000111
010001110100110101110111010111
000111010010011101100010101111
011111111110000001011111111100
111011100000100111101100010010
100110100101011001100111101001
001011110011011101100000000001
010110101011011111000101001001
011001000110010110100000010100
100001011111010101110101100010
110010110110111111001101111110
010011110101010001110000011100
110000100111011110010010010000
001110001110011100010010110110
110000111010111110001001101010
000101000110110011011011100010
100000011011010110110011011110
010101000000110000011111010011
101000101111011101000101010111
010101000100111100101100100100
000101111001100010010001000111
001111001000001011101100111011
001100001111111110010000011111
100110100011001000110011011100
011101100100111101001001100010
001010110000000010110111010011
111000110001010000101011111110
111111011110010100011011111000
010011111010101111011110011110
100001000011011010100100011110
011100100010010011101000011101
111011000010010110110011100011
011001111010111001101011001000
101000010100010100000100101001
101000101111011101100110101111
111111010110011000100101000011
011000100110010110001100010100
110001010011001011001100011101
001010000001110110010011100000
011111001110010011100101001110
001111011110001011110010011011
000001110001111110011110100111
101011100110001111100011000011
011111101110100110001000111101
100101100101001010011010100010
101001111010101011000101010111
101100000110111010001001111010
110101000101010000011011001001
010000000000000100011110110110
111010100000000111000010010100
100100011100011110010000000000
101110010110001101010000101000
011010001111111001000000111101
111110110001011110011100010000
111111101101001011011101011101
011010011100101001011110101011
001000110000111011000110110011
010100101111011100000001100010
011110101000111111001010001111
110110000100000000001001111100
111010101000100110000000010010
101100111010100110000011011100
110011011010100010100000011111
100100111101110011111001001110
111001111100010001101011100011
011001101101001001000010011110
011001000101101101000000010011
101000000100000101001011100000
000011000011111010000010100100
110101110001010110011001001101
100101100001100111110100001001
000100001011110101100111000100
001100000101000100100010001111
000111110001110111